structure(c(478.25, 478.25, 478.5, 478.5, 478.5, 478.25, 478.25, 
478.25, 478, 478, 478, 478, 478, 477.75, 477.75, 477.75, 477.75, 
477.75, 477.5, 477.5, 477.5, 477.75, 478, 478.25, 478.25, 478.25, 
478.25, 478.5, 478.75, 478.75, 478.5, 479, 479.25, 479, 479.25, 
479.25, 479.5, 479.5, 479.5, 479.75, 480, 479.5, 479.75, 479.75, 
479.5, 479.25, 479.25, 479, 479, 479, 478.75, 479.5, 479.75, 
480, 480, 480, 479.75, 479.5, 479.25, 479, 479.25, 479.25, 479.5, 
479.5, 479.25, 479, 479, 478.5, 479, 479, 478.75, 478.5, 478.25, 
478.5, 478.5, 478.5, 478.75, 479, 478.75, 478.75, 478.75, 478.5, 
478.5, 478.5, 478.5, 478.75, 478.75, 478.75, 479, 479, 479, 479, 
479, 479, 478.75, 478.75, 478.75, 478.75, 478.5, 478.5, 478.5, 
478.75, 478.75, 478.75, 479, 479, 479, 479, 478.75, 479, 478.75, 
479, 479.25, 479.25, 479.5, 479.25, 479, 479.25, 479, 479, 479, 
479, 479, 478.75, 478.75, 479, 479, 479.25, 479, 479, 479, 478.75, 
478.75, 478.5, 478.5, 478.5, 478.25, 478.5, 478.25, 478.25, 478.25, 
478.5, 478.5, 478.5, 478.5, 478.25, 478.5, 478.75, 478.75, 478.75, 
478.75, 478.75, 478.5, 478.5, 478, 478, 478, 478.25, 478.25, 
478.25, 478.25, 478, 478.25, 478.25, 478.25, 478, 478, 478.25, 
478, 478.25, 478.25, 478.25, 478.25, 478.25, 478.5, 478.75, 479, 
479.25, 479, 479, 479, 479, 479, 479, 479, 479, 479, 479, 479.25, 
479, 478.75, 479, 479, 478.75, 478.75, 478.75, 479, 479.25, 479.25, 
479.25, 479.25, 479.25, 479.25, 479.25, 479, 479, 479.25, 479.25, 
479.25, 479.25, 479, 479, 479, 479, 479, 479, 479, 479, 478.75, 
479, 479.25, 479.5, 479.25, 479.5, 479.5, 479.25, 479, 479, 479, 
478.75, 478.75, 478.75, 478.75, 478.75, 478.75, 478.5, 478.75, 
478.75, 478.75, 478.75, 479, 479, 479.25, 479.25, 479.25, 479, 
479.5, 479.5, 479.5, 479.5, 479, 478.75, 478.75, 478.5, 478.5, 
478.25, 478.25, 478.25, 478.25, 478.25, 478.25, 478.25, 478.25, 
478.25, 478.5, 478.25, 478.25, 478.25, 478, 478, 478.25, 478.25, 
478.5, 478.5, 478.25, 478.25, 478.5, 478.25, 478.5, 478.5, 478.5, 
478.75, 478.75, 478.75, 479, 479, 479, 478.75, 478.75, 478.75, 
479, 479, 479.25, 479.25, 479.25, 479.25, 479.25, 479.5, 479.5, 
479.5, 479.5, 479.5, 479.25, 479.5, 479.5, 479.5, 479.5, 479.5, 
479.5, 479.5, 479.5, 479.5, 479.25, 479.25, 479.25, 479, 479, 
479, 479, 479, 479, 479.25, 479, 479, 479, 479, 479, 479, 479, 
479, 479, 479, 479, 479, 479, 479, 479, 479, 479, 479, 479.25, 
479.25, 479, 479, 479.25, 479.25, 479.25, 479.25, 479.25, 479.25, 
479.25, 479.25, 479.25, 479.25, 479, 479.25, 479, 479.5, 479.25, 
479.25, 479.5, 479.25, 479.25, 479.25, 479.25, 479.25, 479.5, 
479.25, 479.25, 479.25, 479.25, 479.25, 479, 479, 479, 479, 478.75, 
479, 479, 478.5, 478.5, 478.75, 478.5, 478.5, 478.25, 478.25, 
478.25, 478.25, 478.25, 478.25, 478.25, 478.5, 478.5, 478.5, 
478.5, 478.5, 478.5, 478.5, 478.25, 478.25, 478.5, 478.5, 478.75, 
478.75, 478.75, 478.75, 478.75, 479, 478.5, 478.5, 478.5, 478.25, 
478, 478, 478, 478, 477.75, 477.75, 477.75, 477.75, 477.75, 478, 
478, 478, 478, 478, 478, 478, 478, 478.25, 478.25, 478.25, 478.25, 
478.25, 478.25, 478.5, 478.5, 478.25, 478.5, 478.25, 478.25, 
478.25, 478.25, 478.5, 478.5, 478.5, 478.5, 478.25, 478.25, 478.25, 
478.5, 478.5, 478.5, 478.25, 478.25, 478.25, 478.25, 478.5, 478.5, 
478.5, 478.5, 478.5, 478.5, 478.5, 478.5, 478.5, 478.25, 478.5, 
478.25, 478.25, 478.25, 478.5, 478.5, 478.5, 478.5, 478.25, 478.25, 
478.25, 478.5, 478.5, 478.5, 478.25, 478.25, 478.25, 478.25, 
478.25, 478, 478.25, 478.25, 478, 478, 478, 478, 478, 478, 478, 
477.75, 478, 478, 478, 478, 478, 478, 478.25, 478, 478, 478.25, 
478.25, 478.25, 478.25, 478, 478, 478, 478, 478, 478, 478.25, 
478.5, 478.5, 478.5, 478.75, 478.75, 478.75, 478.75, 478.5, 478.5, 
478.25, 478.5, 478.5, 478.75, 478.75, 478.75, 478.75, 478.75, 
478.75, 479, 478.75, 478.5, 478.25, 478.25, 478.5, 478.5, 478.5, 
478.5, 478.5, 478.5, 478.25, 478.25, 478, 478.25, 478.25, 478.25, 
478.25, 478.5, 478.5, 478.75, 479, 478.75, 478.75, 479, 479, 
479, 478.75, 478.75, 479, 478.75, 479, 478.75, 478.5, 478.5, 
478.5, 478.5, 478.5, 478.5, 478.75, 478.75, 478.75, 478.75, 478.5, 
478.5, 478.5, 478.5, 478.5, 478.5, 478.75, 479, 478.75, 479, 
478.75, 478.75, 478.75, 478.75, 478.75, 478.75, 478.5, 478.5, 
478.5, 478.5, 478.25, 478.5, 478.5, 478.5, 478.5, 478.25, 478.25, 
478.25, 478.25, 478, 478.25, 478.25, 478, 478.25, 478.25, 478, 
478, 478, 478, 478.25, 478, 478, 478, 477.75, 477.75, 477.75, 
477.75, 477.5, 477.5, 477.5, 477.5, 477.5, 477.75, 477.5, 477.5, 
477.5, 477.25, 477.5, 477.5, 477.5, 477.5, 477.75, 477.75, 477.75, 
477.75, 477.5, 477.5, 477.5, 477.5, 477.75, 477.75, 478, 478, 
477.75, 477.75, 477.75, 478, 478, 478.25, 478.25, 478, 478, 477.75, 
477.75, 477.75, 477.75, 477.5, 477.5, 477.5, 477.5, 477.5, 477.75, 
477.75, 477.75, 477.75, 477.75, 477.75, 477.5, 477.5, 477.25, 
477.25, 477.25, 477.25, 477.5, 477.5, 477.5, 477.5, 477.5, 477.5, 
477.75, 477.75, 477.75, 478, 478, 478, 478, 478, 477.75, 477.75, 
477.75, 477.75, 477.75, 477.5, 477.5, 477.5, 477.5, 477.5, 477.75, 
477.75, 477.75, 477.75, 477.75, 477.75, 477.75, 477.5, 477.75, 
478, 478, 478, 478, 478, 477.75, 477.5, 477.75, 477.75, 478, 
478, 478, 478, 478, 478.25, 478.25, 478.25, 478.25, 478.25, 478, 
478, 477.75, 477.75, 478, 478, 478, 478, 478, 477.75, 477.5, 
477.75, 477.5, 477.75, 477.75, 477.75, 478, 477.75, 477.75, 477.5, 
477.5, 477.5, 477.5, 477.5, 477.25, 477.5, 477.75, 477.5, 477.5, 
477.75, 477.75, 477.75, 477.75, 477.75, 477.75, 477.75, 477.5, 
477.5, 477.75, 477.5, 477.5, 477.5, 477.5, 477.5, 477.5, 477.5, 
477.5, 477.5, 477.5, 477.5, 477.5, 477.5, 477.5, 477.5, 477.5, 
477.5, 477.5, 477.5, 477.5, 477.5, 477.5, 477.5, 477.5, 477.75, 
477.5, 477.5, 477.25, 477.25, 477.25, 477.25, 477.25, 477.25, 
477.25, 477.25, 477.25, 477, 477, 477, 477, 477, 477, 477, 477, 
477, 477, 477, 477, 477, 477, 477, 476.75, 476.75, 476.75, 476.75, 
476.75, 476.75, 477, 477, 477, 477, 477, 477.25, 477, 477.25, 
477, 477.25, 477.25, 477, 477, 477, 477, 477, 477, 477, 477.25, 
477, 477.25, 477, 477, 477, 477, 477, 477, 477, 477, 477, 477, 
477, 477, 477, 477, 477, 477, 477, 477, 477, 477, 477, 477, 477, 
477, 477, 477, 477, 477, 477, 477, 477, 477, 477, 477, 477, 477, 
477, 477, 477, 477.25, 477.25, 477.25, 477.25, 477.25, 477.25, 
477.25, 477.25, 477, 477, 477, 477.25, 477, 477.25, 477, 477.25, 
477.25, 477.25, 477.25, 477.25, 477.25, 477.25, 477.25, 477.25, 
477.25, 477.5, 477.75, 477.75, 477.75, 477.5, 477.5, 477.5, 477.25, 
477.25, 477.25, 477.25, 477.25, 477.25, 477.25, 477.5, 477.5, 
477.5, 477.5, 477.5, 477.25, 477.5, 477.5, 477.5, 477.5, 477.5, 
477.5, 477.5, 477.5, 477.5, 477.75, 477.75, 478, 478, 478, 478, 
478.25, 478, 478, 478, 478, 478, 478, 478, 478, 478, 478, 478, 
478, 478, 478, 477.75, 477.75, 477.75, 477.5, 477.5, 477.5, 477.5, 
477.5, 477.75, 477.75, 477.75, 477.75, 478, 478, 478, 478, 478.25, 
478.25, 478.25, 478.25, 478.25, 478.25, 478.25, 478.25, 478.25, 
478.25, 478, 478, 478, 478.5, 478.5, 478.25, 478.25, 478.25, 
478.5, 478.5, 478.5, 478.5, 478.5, 478.5, 478.5, 478.5, 478.5, 
478.5, 478.5, 478.5, 478.75, 478.75, 478.75, 478.75, 478.75, 
479, 478.75, 478.75, 478.75, 478.75, 479, 478.75, 478.75, 478.75, 
478.75, 478.75, 478.75, 478.5, 478.5, 478.5, 478.5, 478.5, 478.25, 
478.5, 478.5, 478.5, 478.5, 478.5, 478.5, 478.5, 478.25, 478, 
478, 478, 478.25, 478.25, 478.25, 478.5, 478.5, 478.25, 478.5, 
478.5, 478.5, 478.5, 478.5, 478.5, 478.5, 478.5, 478.5, 478.5, 
478.5, 478.75, 478.75, 479, 479, 479, 479.25, 479.25, 479, 479, 
478.5, 478.75, 478.75, 478.5, 478.5, 478.75, 478.75, 478.75, 
478.75, 478.75, 479, 479.25, 479.25, 479.5, 479.5, 479.75, 479.75, 
479.75, 479.75, 479.75, 479.75, 479.75, 479.75, 479.75, 479.75, 
479.75, 479.75, 479.75, 479.75, 480, 480, 480, 480.25, 480.25, 
480.25, 480, 480, 480, 480, 480, 480, 480, 480, 480, 479.75, 
479.75, 480, 480, 480, 480, 480, 479.75, 479.75, 479.75, 479.75, 
